100
8 2
4 4
9 3
3 3 3
32 4
8 8 8 8
46127 84
122 578 690 741 805 741 908 881 96 500 368 3 757 830 60 632 688 606 707 217 907 173 739 815 557 896 305 704 786 938 810 805 799 454 883 741 765 346 524 632 491 888 62 258 625 618 769 80 287 222 951 807 426 595 202 672 509 109 454 963 39 288 707 461 677 99 574 761 305 728 608 449 446 398 589 832 171 679 817 556 564 989 169 327
14235 27
932 646 74 833 469 859 401 935 669 326 490 339 809 514 5 337 8 496 130 50 297 318 1000 337 69 534 838
23077 50
63 702 158 920 597 643 449 816 365 262 690 572 859 505 785 724 565 314 351 245 346 320 876 272 844 130 60 341 395 758 517 653 168 557 795 977 524 781 541 290 764 103 204 867 215 579 427 915 66 944
3490 9
340 855 477 587 450 392 489 548 900
38633 85
271 799 103 273 146 830 439 678 550 395 679 57 811 865 332 937 819 131 570 220 565 37 467 779 49 988 485 388 277 115 88 280 898 324 994 226 875 621 82 961 311 118 990 112 278 623 137 573 119 612 878 729 844 814 683 213 605 728 6 62 462 802 370 94 213 742 858 88 817 643 717 465 962 687 577 517 918 269 184 324 241 831 752 166 309
41113 81
190 425 431 313 847 758 495 99 896 977 784 373 416 850 707 452 584 248 357 36 916 11 343 661 185 198 194 248 883 315 900 289 59 184 290 990 436 446 339 98 824 499 677 820 423 267 432 255 510 726 928 790 919 972 712 572 391 25 313 471 174 476 897 381 648 315 803 148 464 189 787 919 972 244 354 457 618 354 940 25 299
614 2
401 152
27055 54
80 105 3 159 529 267 770 37 932 414 787 276 692 295 356 834 148 172 650 72 991 568 361 519 86 408 32 198 905 182 697 519 316 768 533 137 225 883 355 682 221 415 407 898 952 144 170 316 363 252 536 360 5 968
15375 39
774 483 715 828 165 239 874 466 534 577 21 664 257 968 370 187 406 419 713 143 756 711 862 773 884 314 475 560 545 587 260 454 697 420 800 713 500 855 528
26685 62
782 221 860 422 371 679 771 868 311 718 792 64 695 488 951 672 227 616 331 529 549 533 807 637 444 513 740 35 878 922 670 499 970 650 458 718 106 515 63 661 561 101 857 852 913 961 119 586 922 629 321 966 766 705 191 462 462 720 632 76 659 462
32465 90
783 249 288 762 292 317 523 329 468 77 544 253 299 864 512 70 69 748 571 271 828 855 748 350 308 71 624 394 944 230 345 976 413 920 404 951 102 246 743 847 239 197 30 778 12 854 775 505 559 212 434 941 322 827 448 147 604 294 504 380 390 168 354 884 212 274 510 124 40 387 382 804 425 476 693 871 294 493 802 335 840 255 637 508 238 87 796 729 920 798
9019 26
125 673 426 744 532 827 580 449 309 492 276 596 520 47 586 825 434 426 444 938 751 20 127 903 662 144
26454 81
115 270 906 976 408 676 931 741 198 738 590 234 564 555 311 828 807 632 44 109 423 37 566 150 140 386 975 528 752 690 363 796 698 898 262 440 495 160 870 657 204 650 52 842 424 963 275 427 742 546 941 619 345 666 286 905 408 116 54 636 299 290 953 812 760 756 997 541 105 992 686 177 115 551 592 13 30 34 71 680 100
10844 21
159 594 792 510 483 815 732 274 286 651 641 833 515 193 357 571 651 503 14 8 5
2749 7
914 712 806 470 402 757 873
36884 79
978 952 436 555 104 474 74 953 846 760 374 777 792 643 64 626 640 672 750 561 70 893 620 277 638 204 772 526 464 234 681 111 404 513 384 975 958 734 563 530 833 26 377 882 802 649 319 75 304 330 658 257 883 62 733 889 778 837 632 503 698 381 54 822 55 788 482 642 684 378 4 658 19 769 44 20 252 889 526
20540 73
641 400 701 181 491 540 752 184 869 786 631 12 157 639 421 39 846 977 360 207 232 968 804 4 803 353 884 470 723 663 173 789 745 909 895 345 56 909 963 242 696 784 460 714 630 894 409 842 106 159 738 385 262 695 79 243 857 781 374 198 699 797 97 212 221 477 886 717 676 180 385 936 542
18616 51
199 363 74 157 928 891 477 87 181 679 652 577 892 543 763 285 462 424 815 547 567 793 548 927 203 128 532 869 399 835 738 836 754 161 973 489 194 591 32 315 490 376 635 521 584 228 744 99 446 884 644
14016 40
178 679 116 938 946 606 100 119 12 183 592 954 985 376 516 301 677 658 747 338 36 190 218 582 671 347 115 837 952 687 529 706 149 387 942 841 355 627 815 333
11098 20
944 842 15 458 485 645 987 455 535 183 540 375 936 967 503 535 263 662 501 681
24873 84
53 313 377 329 343 465 10 324 938 244 921 925 451 317 408 995 968 302 5 700 798 302 168 790 922 921 165 523 629 62 663 88 695 19 622 398 842 709 381 629 795 277 396 609 818 451 566 338 851 986 367 446 608 96 868 901 962 745 56 844 272 235 336 456 546 623 875 267 362 463 665 226 15 226 483 770 539 131 929 227 375 185 948 584
17398 59
461 825 843 121 115 981 860 32 499 571 121 608 595 457 237 740 97 348 740 240 288 14 763 669 837 243 608 963 953 434 458 4 645 732 725 483 321 814 945 521 765 211 856 64 179 278 761 499 279 340 993 293 907 988 422 187 184 35 368
21517 76
485 492 179 734 827 73 83 286 49 822 351 673 38 11 632 352 874 901 817 537 77 216 64 902 801 613 28 323 585 109 979 37 165 174 997 920 421 431 208 530 304 880 755 560 414 564 629 825 813 284 525 622 942 563 517 79 692 950 179 367 209 854 669 528 557 401 790 244 822 329 654 369 49 793 779 563
2933 8
623 283 930 726 411 141 5 833
50068 82
414 983 288 463 167 819 675 612 501 671 634 423 669 370 141 718 284 649 75 927 471 951 670 667 704 617 359 117 76 791 17 677 517 883 599 788 646 148 152 25 640 718 794 866 265 958 272 242 175 681 351 112 615 965 892 979 858 586 188 338 519 368 959 689 496 790 504 829 538 895 950 51 909 209 689 684 106 162 678 58 211 11
20220 37
489 510 624 821 914 625 196 759 24 252 154 434 254 593 542 472 562 263 292 698 463 841 853 499 943 84 922 922 982 535 337 331 342 398 916 608 274
6590 17
382 259 577 616 886 630 418 39 282 501 143 932 838 420 660 401 63
8901 40
47 124 565 680 332 599 35 657 452 138 38 77 818 390 22 157 48 78 239 395 262 396 617 352 479 779 282 646 181 955 937 990 976 470 157 403 21 613 177 227
7267 11
923 968 96 973 625 276 581 206 805 712 89
23908 72
266 195 607 731 746 447 32 310 262 938 897 117 409 967 445 807 438 483 383 573 43 984 298 345 952 216 355 73 586 501 534 450 642 234 436 219 853 226 170 273 596 741 502 562 779 743 637 451 298 835 569 190 5 357 356 813 292 21 462 512 402 889 826 369 588 648 607 781 487 871 450 47
259008 51
2030 10495 11266 13531 9728 10254 15768 11914 15043 13418 14179 10889 7362 10258 5275 1997 5712 758 1047 9217 14491 12103 441 16781 7601 17817 1436 5367 15141 15614 19099 7675 671 5098 3069 3974 4119 1656 12838 6221 11699 13220 19331 15676 14557 2557 11205 3679 6980 9610 4532
263156 86
2001 7968 4673 10621 9056 1936 3730 1167 8039 9187 11159 9023 555 10620 10991 6551 2391 332 1287 3177 9351 6518 6562 7300 724 2089 8456 1866 56 7381 11461 886 7680 6175 4251 8860 2604 4550 1342 7458 4117 4788 622 2628 4589 10640 8646 6932 1675 2092 148 2840 301 4959 4118 11334 7775 6612 365 6341 11572 9207 2085 7643 6643 6799 10076 3339 7114 3784 2415 10032 5619 6210 4745 3782 511 1662 10024 3560 2722 706 10055 5475 1530 11458
518690 34
12101 25265 2234 233 26114 8549 26328 25625 23253 24274 8120 8802 14278 1877 6354 6387 5374 24179 13268 13647 23512 3201 15528 12705 16572 20146 24443 26384 15069 14417 9928 23478 24504 28437
341067 18
22592 40282 24245 4727 53659 670 44526 2994 20085 25067 11651 29180 22790 1304 33883 8124 33926 35860
340136 38
9818 13604 11333 9592 14081 7754 2414 7477 6510 5122 12977 2977 25343 12379 24469 21777 225 6966 8368 17010 7955 4030 15074 4001 21290 9067 15118 22293 13164 8062 13143 3949 7799 1769 23077 17934 5054 24354
591385 86
1149 815 7904 3664 10383 8536 6496 8286 10434 11051 8198 4940 7260 1049 10065 6512 10694 8038 2044 11231 3983 3874 145 2106 6027 6527 10928 7475 8715 10897 9090 3881 7433 944 9111 11106 5191 10784 3525 9159 2698 1501 7801 9583 31 5115 1357 9383 1844 9884 2107 6038 1989 2086 8497 6886 5153 8939 5255 3983 4222 10524 3093 8891 6233 11236 11135 3502 9727 5157 4067 2632 10271 11141 5499 2513 5112 125 2478 6823 6283 3822 4401 330 6863 7946
340715 99
8611 260 195 5017 9296 3719 5464 7742 829 2117 2302 7131 2533 7670 6304 3939 1078 8585 4224 386 2908 730 2777 4003 3193 9037 4905 8823 3280 538 571 5926 4334 878 415 6649 8598 4802 5122 8288 9216 6083 5236 2484 4012 3105 1067 9236 1160 1356 3914 8678 9990 3833 2335 2829 2002 5490 3424 2312 57 7080 1859 8985 1529 7687 3525 1065 6476 6763 5513 900 9332 5088 7120 6024 9020 1447 1120 3538 2912 2426 3085 9967 8747 4351 2203 2426 1678 2712 7850 8475 5593 2254 8021 8813 2305 7963 850
282725 76
4745 6997 3136 3422 4079 8468 315 3464 6653 96 12306 1969 8125 2404 10820 9601 11604 12373 8432 13041 9475 6093 948 411 1552 1200 596 8017 259 8731 12636 3325 4933 3210 4907 10793 10481 11896 8085 7511 5079 6199 1530 9187 2766 2120 10622 6001 2522 3791 4043 12472 9325 2031 1673 12129 2557 6515 5274 8708 6613 5023 9879 6021 3071 2948 10598 7725 9454 8284 12702 9090 11820 10921 8791 8133
595378 12
36590 41169 78905 49499 60976 44959 10417 22401 21226 74205 55680 55819
326048 38
19837 18268 18067 9900 24670 6326 24985 22345 7142 12151 1805 9540 4482 26142 18429 19565 19621 15853 8557 16868 17731 10900 19540 17468 16640 6169 24149 125 3380 8153 17637 25442 22370 6020 21644 23292 2100 20582
362536 30
18356 22275 13824 1113 31198 2499 4159 22002 60 9374 32232 21582 15039 6309 1880 13469 25912 32410 15828 18140 3798 13922 4641 32867 28735 7950 31732 13800 27859 8824
430692 3
278611 205328 97358
296261 88
9026 5965 1052 592 8766 10114 8994 6698 3546 10734 9278 9784 6523 4025 6472 908 9553 5325 9191 4494 798 1020 5987 5151 11263 7741 7526 6129 10518 5382 6545 10400 2229 6890 8673 353 9915 5118 9443 306 3401 6241 6387 8030 86 10970 2984 1750 454 9975 8970 7286 5344 2696 5750 3422 2525 2061 9538 2204 7765 3607 1054 9342 222 9896 4322 877 3820 6891 1727 1460 10037 5120 9413 7701 1161 983 10822 7443 9940 1329 1476 2492 7949 1880 8809 6795
441990 47
18260 17064 15212 16078 11607 13492 5111 18464 5496 12513 2464 7815 2740 15968 1324 12467 21230 16066 18507 20083 12862 20587 1216 19512 13830 3753 16653 19762 5324 10123 2100 14855 12912 8254 2138 8074 19683 3468 13894 8792 3748 12494 11558 41 386 16545 16927
283544 26
5196 3904 9923 10115 12415 32045 10924 11328 26215 5641 29338 27377 36833 8021 35741 5286 14973 9963 792 728 36481 24617 7271 19063 14603 20417
382401 62
14140 12710 15632 9004 4329 8593 14313 14289 5983 7721 3952 15465 15382 1166 13278 15637 15631 3902 2763 5038 11933 11690 7970 4075 12490 505 3669 1190 5904 13760 1829 12558 2987 4182 14505 2942 11144 6101 9605 12398 6071 10251 469 13080 13716 606 10698 5943 15114 5575 8606 16081 14737 8951 634 5247 8453 3783 15060 11332 14981 14189
308804 57
4973 5471 8553 14805 15005 10538 6328 4086 5147 1034 11321 3161 10902 16587 4334 5372 17395 5527 15114 13926 11526 7120 16737 1146 1069 486 3938 16498 10113 2342 14013 13291 16943 5996 2554 11483 10581 3244 3474 15458 4496 12714 16675 14654 2261 3042 16943 15016 129 13777 13056 1387 13572 15695 17301 766 15740
507417 53
7264 5641 423 627 1883 7120 8183 14762 17178 1515 14092 6865 8169 14986 7300 18069 16894 6439 8563 7743 18125 5505 18427 1881 8904 4628 4475 12180 15495 2915 5651 5909 6948 5541 4765 13125 9658 15549 9932 17891 3773 12700 4560 6710 14185 2658 14769 4375 10041 2921 13240 8330 12486
239799 23
31311 34647 42118 25622 22797 29347 16206 7089 31382 7584 8079 6758 11523 35419 159 19485 34047 7592 30062 18058 2368 28716 17003
260758 31
8527 3629 4869 13307 1060 24119 10040 24359 5876 21414 23469 10 10324 14292 8677 18211 21318 27356 17553 17674 12179 21799 19344 10803 13460 16971 3216 15156 11457 20675 27774
421677 99
5201 6124 7752 1148 111 3931 5028 1714 9153 5515 9323 3602 8578 2690 6020 6480 595 7558 4722 7824 6880 1996 3142 176 1270 2835 842 9611 1307 3529 3766 775 4898 5453 842 5262 3123 9936 7151 7646 1749 8879 5893 769 2169 4248 4833 6435 4409 9595 3736 1633 1007 2629 9770 6695 361 7093 9442 6786 3995 6701 852 2081 9852 8942 7494 8769 9762 6463 2825 972 1089 5398 3258 7655 7358 7510 2017 9732 1920 6530 4648 873 4012 196 1024 4171 1796 2269 9591 6713 6937 7036 5452 2988 613 8134 2215
441557 14
13848 50997 50692 7626 15864 37892 43844 7170 5866 65382 51702 48066 47087 47654
515611 50
13100 6574 4522 6582 13238 1326 6461 13473 7646 8809 15568 16144 17308 17508 8472 18088 8790 7613 14825 18878 14548 8429 14703 16235 17772 956 3897 3616 17151 13898 19968 19174 17872 8661 11182 14504 1211 19584 16860 1059 1741 4930 15904 18143 14176 12473 4326 9563 5163 1124
470910 90
6996 1632 10685 3516 10196 5783 5654 9992 5063 2519 4848 3358 7837 7043 8720 8089 3096 8585 2289 2188 7525 3205 5186 8819 7569 8690 4082 8424 5590 4055 3454 2389 7458 828 8048 6744 965 3738 10141 2304 3946 4223 10691 619 5500 7664 5248 9720 8624 2958 1261 898 9750 5557 1556 7799 3656 6247 6379 5890 7631 3722 10463 506 5605 210 1304 36 6441 10996 9678 6683 5371 8079 5316 9683 2704 6492 8991 3992 9105 10201 10336 5644 9723 3638 5596 1968 40 9746
583408 22
687 39783 19285 700 34432 18752 19151 35202 19186 28737 23904 39797 42675 5489 34306 33898 27308 2148 28630 3470 34171 20472
578536 16
13996 46928 21428 23960 12494 40464 21314 45670 43648 45994 39531 16135 47006 25601 61382 49786
313387 76
788 4804 9024 2287 2039 10678 4082 4130 6489 10624 109 12501 12589 12000 8512 8048 4620 11352 10349 999 4986 1377 4344 252 3302 5335 10238 6745 7177 8305 380 6817 4720 4592 156 683 10989 2328 11334 12440 1091 8507 9234 4368 9999 7496 11333 3064 1558 12185 7451 1863 11135 4681 9952 8022 8723 11156 4736 12834 8412 9159 6627 4553 12647 1751 7481 3901 141 2187 7026 5410 4722 12602 10853 12514
260150 71
2899 7840 6493 13710 12077 988 3933 6292 13676 5654 1835 1335 3526 8395 7602 6256 5335 4305 2870 2172 2754 7231 4612 12440 3633 5773 13774 6956 3403 807 11352 2441 12547 14056 2588 8751 4113 5490 5209 5641 6412 11651 2539 9008 6949 2640 6174 435 628 12822 552 3863 1170 11134 8572 10062 10342 6792 2397 7632 6792 11113 11648 2027 5971 2266 893 9283 2394 3007 10388
604131 48
18193 17766 14467 11889 17451 18583 19974 4128 12982 19792 273 1083 13798 4435 16875 12527 15398 865 19134 5034 19036 2985 16420 9617 19253 4295 14817 10735 16252 9416 6788 6302 9152 3100 18318 7112 18431 4830 18845 15774 10648 1103 18364 4470 14557 7932 239 10504
380432 39
6410 3669 14728 18287 7072 15252 23949 4586 25569 15384 1218 7565 16618 3539 12370 12376 12932 23753 3319 18783 2627 11144 21623 7986 6243 13018 8352 25223 24204 6179 12056 20931 17465 4641 6254 13199 4979 6267 24554
571159 82
5480 6498 667 47 5237 3120 281 1855 692 11383 4493 5784 4286 6384 2253 8311 8744 7460 10764 9280 7082 9702 3263 1588 3330 10459 3476 1263 3033 377 11515 7924 11924 268 10282 9547 2181 1879 4726 9283 5138 4149 642 10084 9065 4659 5950 9794 4672 10564 5425 7466 3851 3683 6765 7581 7787 10584 8513 9877 5220 8865 5598 967 5363 3198 11882 1912 8401 3682 5526 632 5647 11120 11065 1935 4089 2274 7776 11922 826 11305
480490 42
7535 20842 15096 4872 11122 3513 11928 16655 15565 11967 17653 11750 22441 17488 16456 2555 8644 17917 13554 20119 20084 8882 10325 23686 21855 8274 8584 16613 9109 22536 21238 10415 11038 17888 19360 4115 20611 2854 20600 19705 2294 17166
349598 85
5380 3524 1823 9632 5507 7354 2736 6190 10515 3543 7717 6551 4805 4345 6176 5185 9724 2386 7578 7145 3720 10297 4237 4191 11064 10665 1827 5851 5748 5826 5227 3170 3517 4255 1507 7000 6619 9875 3901 3656 5424 4635 6259 8598 9494 5926 4282 10919 11042 11080 4096 8580 1845 3089 908 5567 8657 8607 1167 7174 5311 7781 4127 6255 7092 10218 257 8715 11456 5115 9583 3275 8199 3590 7702 10720 458 9787 10178 173 3361 10310 727 3736 7808
514528 70
9561 7129 10111 6696 6925 11478 3757 2660 3962 5673 3056 8407 7270 6553 9428 10071 2054 4287 863 11370 1659 1296 10164 8487 10295 7217 12253 5050 9842 10646 7067 7226 11931 11814 4999 3296 11837 5704 4554 2959 6734 2127 1085 9873 7006 12429 9151 7781 6960 6650 3587 13964 4301 12327 1402 4571 11701 12169 7323 1172 12934 13646 12839 13207 13254 5229 8623 6366 8893 10939
560918 58
9578 16003 3335 9264 9281 3593 2117 10635 14490 452 3396 16445 8705 8448 3896 9226 4064 12651 12412 10483 6476 88 3222 9914 731 7118 13079 13854 9197 3286 11560 16970 15152 5418 7911 15451 297 2283 11157 13364 2408 4069 12954 11915 15540 259 14593 873 17072 6895 7900 7669 5485 40 10738 12431 16756 4903
373051 80
8524 3125 10317 9761 8698 10058 10666 4373 4961 6944 3170 3785 11478 9443 4466 3906 7250 8635 11200 5338 11519 7430 11080 3424 6193 8093 2231 1261 9131 11386 9134 3778 7845 9603 2130 9888 3398 3064 1587 10706 3178 535 11985 3365 2295 8849 1394 1285 6760 10837 5799 11982 9525 6817 1574 8251 2068 5834 8609 1907 12226 12165 6036 8986 1425 2099 5701 5715 4402 9519 10082 7751 7323 3254 3934 7264 8033 11475 748 3201
566986 22
5921 28520 37994 26424 2205 33285 43875 17109 24793 35043 29934 38389 19590 23327 23344 18394 19167 11486 7679 14556 37 36077
573384 66
2067 10690 11304 5770 14860 5839 4416 7003 1569 10372 366 12169 11494 13532 2143 6094 1451 2822 9234 12973 13205 7113 14497 14110 3048 11534 7887 5124 3424 3050 11204 6425 13088 12895 14044 4635 61 6068 14050 12554 589 5650 11459 13439 464 11867 3876 9266 5862 9699 12987 12466 13972 12385 6531 3675 10426 3897 1978 5209 6243 6055 9193 13198 1002 8229
572281 74
12979 172 1706 13029 6889 10708 5204 9379 6821 251 130 7 7914 2885 6811 10416 10685 9109 13162 1200 8506 986 12902 9711 10762 8919 12501 5530 6562 4248 9730 2930 3450 1763 3596 2398 9431 8209 1839 11432 7728 13409 6675 11229 8718 9858 10854 13191 6987 11643 9340 478 11125 3051 10599 806 4893 9856 13336 5774 809 9062 10109 338 4071 1017 4301 12416 3923 10000 10940 9528 11591 4925
552925 8
119421 119771 99803 35917 33531 1429 67974 49889
501695 100
2597 7263 9222 3731 6606 3097 8553 2813 3297 909 6933 568 2749 5030 2584 8116 2478 9209 1287 3717 7010 9352 6910 9607 7812 5174 4287 3851 6890 1352 5657 8779 3451 6149 6803 6919 9410 7369 2753 3204 6143 5093 9181 2050 3454 7544 6430 2462 2561 436 2630 8776 3272 2048 4516 8877 7783 7637 3293 1405 3502 7689 8263 8600 3904 1224 6663 7831 5653 3010 1158 3494 2833 1013 6978 2970 9094 271 9699 6020 8270 9054 1872 781 6059 359 1485 6924 3635 4037 4023 7136 8242 6020 1857 2493 3187 3883 5785 9192
414393 9
56251 49415 109339 69383 57768 18915 50297 17812 27230
538174 22
35085 22718 38808 25899 41292 44652 21471 26200 6014 19009 18449 35462 26902 7249 5039 17714 19510 20178 33565 12685 40446 5356
236397 17
16795 9680 8789 3921 38420 37017 31563 40892 56303 20440 39412 33574 2657 52455 21080 28893 21150
561216 76
10879 8902 12382 6320 7992 3075 4020 5756 1774 8739 1340 3546 3873 8908 6088 5853 10467 5356 8521 9411 10721 6383 12903 8991 5947 11776 7925 1307 4334 8051 6798 8751 1733 5833 12274 10685 5847 2880 130 3044 7905 3725 1543 8853 10499 11062 10097 1780 12253 6977 536 13129 6096 1585 12819 8398 4197 1548 8398 11062 5378 7806 6108 4246 352 7293 12537 678 12623 2659 8707 10475 614 8822 11713 9967
348123 7
115012 127948 131801 53237 139997 62869 63018
448308 71
3450 12195 5412 5865 3196 4735 6396 11446 6379 5722 639 9694 9832 13325 2307 5242 13722 13402 7754 595 10714 8159 1836 10248 5936 6500 3646 7080 3037 2070 11927 13510 4141 4248 9888 11868 11056 143 10696 11040 5044 9150 5603 4377 13235 12393 5747 9566 12501 16 14048 7499 13035 6991 12188 682 592 7171 7285 7280 5330 7580 13910 7000 12499 5164 8136 4798 6727 12036 7827
555398 76
9488 7545 583 1066 7467 143 9846 4305 210 12595 4197 1557 11672 8659 1673 1441 553 9956 7533 5974 6845 12179 855 11581 1344 6838 11119 4245 8139 4516 6068 2138 7436 3538 9009 797 4630 3929 2100 6576 8323 10488 9664 8590 12813 6116 9495 4351 3595 6848 4611 11440 1208 11251 9948 157 354 276 2809 7086 8661 9061 12418 2213 10197 879 12034 12624 6032 5606 8877 527 9292 8632 12470 3642
275002 41
20884 2606 21344 12324 21148 17939 5312 4547 3925 12427 967 21623 4435 15546 17823 12489 22428 9924 12663 4049 11873 4871 16066 1380 7855 18499 9894 7502 2578 4297 6511 19917 5095 9953 8312 20835 21463 16356 19685 6360 21295
498047 77
6758 11825 4171 8825 8320 4124 1211 7213 7985 6323 7317 2449 11235 114 3831 11845 6806 11254 10584 11918 1108 6546 5252 4498 6422 3288 2289 6335 5823 2202 2401 10036 5124 8657 2919 6706 7011 10679 4897 4181 11937 9146 1433 2299 974 3774 5968 8218 186 5247 1075 2532 9782 5639 4238 4815 7202 12602 2769 12948 2918 11146 11062 6498 2407 11541 12372 5871 7475 9100 9060 8980 2919 5026 1743 8685 5644
430490 17
14243 14277 3128 40045 29531 36132 14349 31254 15449 38411 5928 2203 25214 37478 19789 44512 31921
550463 40
16202 8595 6482 2731 23917 14138 7591 16174 3686 4854 3964 1654 13859 5566 21436 15651 19509 18448 6741 23439 17282 20437 3288 17861 21997 21577 2689 24379 2658 4956 3469 22765 6365 24020 2498 2886 13370 12196 10848 9040
391829 63
11991 13216 12408 611 8691 11483 6026 10581 14736 10218 9127 4683 8361 1930 2617 14470 997 2954 15287 6422 8269 14642 4512 13815 10510 8994 1011 13721 6961 13857 14603 4065 11869 13876 2348 13945 2156 1234 9905 15119 3631 10726 7989 4530 3467 4989 15355 7941 10262 6116 13659 410 8911 15174 7495 5161 5173 498 11242 358 5322 11759 13350
555363 34
158 4234 28757 19657 27388 26704 10754 10446 2301 20392 14145 19301 24910 23290 13293 14253 22062 19428 28705 24808 7722 2519 26079 27399 9423 17600 19653 22492 8140 25986 24621 12008 27371 10684
337100 20
7476 21478 5319 23680 9588 38103 47518 41979 2708 6079 42636 18397 3883 18874 46757 49052 2251 2650 16340 38062
325779 48
13130 13682 13067 9735 7960 7801 17766 14763 3056 7585 6613 12555 15720 14486 12630 9936 3867 20114 6698 2313 8707 6845 11614 8005 1942 7590 20312 15941 15866 9529 17162 4639 4005 8469 4861 42 19406 13363 18575 11390 6166 3790 10306 12247 16852 13313 1836 13720
296844 30
20713 5067 26087 1559 30483 16075 6405 12564 13932 32622 28680 240 14807 12369 26360 8753 5856 26735 25784 32686 17816 8387 9032 30088 23038 3623 26422 31530 13124 32491
356354 96
5868 1071 4690 659 4469 9502 830 5641 6996 1933 2653 1290 3223 7269 6396 282 1831 1043 8223 5100 3781 4019 2023 6398 9718 8980 4608 9636 366 9123 3243 1390 3397 7711 2618 2517 304 5329 3528 9273 10328 3850 5150 1952 2569 2906 1917 3989 7588 2781 5711 9043 3454 6852 7242 9916 8992 3443 8243 668 3538 7190 4034 8523 10165 412 3896 8313 5010 4179 10058 4912 1319 5094 6735 347 6968 6006 9913 8051 3778 1170 3083 5769 4077 4568 8381 9269 9311 2929 9942 1863 2921 9078 1932 2161
245982 28
20429 14716 23611 11976 3077 4493 32040 2860 6864 16122 28760 20946 27449 24538 23254 16669 11672 29362 3170 3517 11927 20640 2023 9125 20702 29500 12183 27461
619737 34
22925 22963 26568 11430 17763 26270 15086 4328 23052 14180 13511 12772 16450 9585 11420 26393 10213 9938 8768 27750 10435 18771 11757 24086 24913 11935 27576 23891 8729 18090 7390 21753 28550 18282
401605 67
9659 3326 10463 2712 12035 7392 5869 3601 12132 6493 11242 14164 4128 10936 3423 14787 1033 4968 2222 476 1855 9083 10364 4825 5918 101 5312 1762 4510 1615 1792 3484 9892 3709 3583 9813 5010 5409 11640 9720 14122 3142 3083 3599 6654 4005 4176 9500 11188 4527 13488 2975 993 4133 4857 3868 4939 8243 4408 7323 6540 449 14130 11159 3387 11947 13349
334906 83
2549 9504 4067 11068 6335 6947 4997 5445 12010 7474 9174 6442 1295 4859 4447 6529 7276 1341 6952 9850 7304 8211 2337 8308 7066 4981 5559 3446 2723 445 10288 743 2552 11421 11799 690 3282 2219 6158 6125 1355 10588 3323 9273 7713 9081 10816 1555 9335 1781 570 2161 8073 243 11604 11908 4597 8453 5177 9445 1160 11258 9274 8936 5163 6126 6925 4495 9317 4615 4413 361 4453 3398 3410 1071 915 10664 6823 11944 8505 12003 12047
602430 52
9093 13330 10811 15259 4563 12959 6120 8201 7835 10233 11200 5205 17930 7378 4891 13783 18244 18223 14115 16119 1436 13055 7705 4542 2438 16156 10726 1135 10986 12688 6000 17789 15678 16783 10393 12151 9973 19026 3358 18488 2960 14943 14725 3888 11723 6170 5624 6927 5484 3056 13397 8803
343812 84
11022 3856 9169 511 3909 6202 5524 9704 9474 10289 11580 7109 713 5628 11871 8603 7701 6160 1777 6865 10264 979 48 7994 212 11036 7749 4133 3756 3962 6550 7104 8439 3903 6202 11413 7220 3264 213 10491 6397 4520 2687 10714 11836 11864 11449 3513 2515 3769 2316 8183 11101 5469 4571 11727 7663 9720 2393 3332 4330 8375 6433 2520 8998 1318 6698 6253 5526 1388 9341 4021 5918 10266 9125 6720 4327 7249 10021 7690 7294 8780 6904 7455
443487 68
5132 9752 12695 13612 1550 2484 8167 7601 12899 10051 12488 6971 8715 12927 3774 12256 5796 9153 7149 9862 7330 6390 1612 926 1063 2194 3731 8207 13155 13444 4749 13145 5046 8892 10982 12189 6117 8523 1323 12768 8740 302 4315 13067 14667 27 2193 6786 5072 13214 11842 4213 480 14132 13007 12115 2870 9338 707 7280 1850 8769 5487 6340 3841 2136 5856 5014
263089 26
4438 27595 18202 34031 10028 1680 20567 25995 18108 3813 9726 31973 16539 1022 28921 34385 33949 9865 10997 20535 28514 34377 15030 1555 22345 7043
345535 82
541 5950 8859 11942 10384 11779 2549 6100 2320 10188 6116 7336 4567 28 6060 2110 1806 7633 10311 4536 3205 8800 112 6159 10292 4326 2663 7354 2365 4519 4634 8704 6457 477 4538 5881 490 11086 1165 2993 8975 9906 439 1273 9438 6277 1501 8402 6927 4440 1049 6791 6309 8520 4178 8408 8623 7271 6751 10566 6907 10326 8082 2708 9400 6506 7297 1088 10753 6394 2691 1073 10428 4928 1170 10588 5357 2191 2465 1207 9739 8223
