4 4
3 3 3
8 8 8 8
122 578 690 741 805 741 860 860 96 500 368 3 757 830 60 632 688 606 707 217 860 173 739 815 557 860 305 704 786 860 810 805 799 454 860 741 765 346 524 632 491 860 62 258 625 618 769 80 287 222 860 807 426 595 202 672 509 109 454 860 39 288 707 461 677 99 574 761 305 728 608 449 446 398 589 832 171 679 817 556 564 861 169 327
IMPOSSIBLE
63 663 158 664 597 643 449 664 365 262 663 572 664 505 663 663 565 314 351 245 346 320 664 272 664 130 60 341 395 663 517 653 168 557 663 664 524 663 541 290 663 103 204 664 215 579 427 664 66 664
340 394 394 394 394 392 394 394 394
271 731 103 273 146 731 439 678 550 395 679 57 731 731 332 732 731 131 570 220 565 37 467 731 49 732 485 388 277 115 88 280 731 324 732 226 731 621 82 732 311 118 732 112 278 623 137 573 119 612 731 729 731 731 683 213 605 728 6 62 462 731 370 94 213 731 731 88 731 643 717 465 732 687 577 517 731 269 184 324 241 731 731 166 309
IMPOSSIBLE
IMPOSSIBLE
IMPOSSIBLE
451 451 451 451 165 239 451 450 451 451 21 451 257 451 370 187 406 419 451 143 451 451 451 451 451 314 450 451 451 451 260 450 451 420 451 451 451 451 451
511 221 512 422 371 511 511 512 311 511 511 64 511 488 512 511 227 511 331 511 511 511 511 511 444 511 511 35 512 512 511 499 512 511 458 511 106 511 63 511 511 101 512 511 512 512 119 511 512 511 321 512 511 511 191 462 462 511 511 76 511 462
475 249 288 475 292 317 474 329 468 77 474 253 299 475 474 70 69 475 475 271 475 475 475 350 308 71 475 394 475 230 345 475 413 475 404 475 102 246 475 475 239 197 30 475 12 475 475 474 474 212 434 475 322 475 448 147 475 294 474 380 390 168 354 475 212 274 474 124 40 387 382 475 425 474 475 475 294 474 475 335 475 255 475 474 238 87 475 475 475 475
125 420 419 420 419 420 419 419 309 419 276 420 419 47 420 420 419 419 419 420 420 20 127 420 420 144
115 270 423 423 408 423 423 423 198 423 423 234 422 422 311 423 423 423 44 109 422 37 423 150 140 386 423 422 423 423 363 423 423 423 262 422 422 160 423 423 204 423 52 423 422 423 275 422 423 422 423 423 345 423 286 423 408 116 54 423 299 290 423 423 423 423 423 422 105 423 423 177 115 422 423 13 30 34 71 423 100
IMPOSSIBLE
393 393 393 392 392 393 393
659 659 436 555 104 474 74 659 658 658 374 658 658 643 64 626 640 658 658 561 70 659 620 277 638 204 658 526 464 234 658 111 404 513 384 659 659 658 563 530 658 26 377 658 658 649 319 75 304 330 658 257 658 62 658 658 658 658 632 503 658 381 54 658 55 658 482 642 658 378 4 658 19 658 44 20 252 658 526
332 332 333 181 332 332 333 184 333 333 332 12 157 332 332 39 333 333 332 207 232 333 333 4 333 332 333 332 333 332 173 333 333 333 333 332 56 333 333 242 333 333 332 333 332 333 332 333 106 159 333 332 262 333 79 243 333 333 332 198 333 333 97 212 221 332 333 333 333 180 332 333 332
199 363 74 157 446 446 445 87 181 446 446 446 446 446 446 285 445 424 446 446 446 446 446 446 203 128 445 446 399 446 446 446 446 161 446 445 194 446 32 315 445 376 446 445 446 228 446 99 445 446 446
178 462 116 462 462 462 100 119 12 183 462 462 462 376 461 301 462 462 462 338 36 190 218 462 462 347 115 462 462 462 462 462 149 387 462 462 355 462 462 333
855 842 15 458 485 645 855 455 535 183 540 375 855 855 503 535 263 662 501 681
53 313 350 329 343 351 10 324 351 244 351 351 350 317 350 351 351 302 5 351 351 302 168 351 351 351 165 351 351 62 351 88 351 19 351 350 351 351 350 351 351 277 350 351 351 350 351 338 351 351 350 350 351 96 351 351 351 351 56 351 272 235 336 350 351 351 351 267 350 351 351 226 15 226 351 351 351 131 351 227 350 185 351 351
365 366 366 121 115 366 366 32 365 366 121 366 366 365 237 366 97 348 366 240 288 14 366 366 366 243 366 366 366 365 365 4 366 366 366 365 321 366 366 366 366 211 366 64 179 278 366 365 279 340 366 293 366 366 365 187 184 35 365
347 347 179 348 348 73 83 286 49 348 347 347 38 11 347 347 348 348 348 347 77 216 64 348 348 347 28 323 347 109 348 37 165 174 348 348 347 347 208 347 304 348 348 347 347 347 347 348 348 284 347 347 348 347 347 79 348 348 179 347 209 348 347 347 347 347 348 244 348 329 347 347 49 348 348 347
523 283 524 523 411 141 5 523
IMPOSSIBLE
IMPOSSIBLE
382 259 526 526 526 526 418 39 282 501 143 526 526 420 526 401 63
47 124 300 300 299 300 35 300 299 138 38 77 300 299 22 157 48 78 239 299 262 299 300 299 299 300 282 300 181 300 300 300 300 299 157 299 21 300 177 227
IMPOSSIBLE
266 195 399 399 399 399 32 310 262 399 399 117 399 399 399 399 399 399 383 399 43 400 298 345 399 216 355 73 399 399 399 399 399 234 399 219 399 226 170 273 399 399 399 399 399 399 399 399 298 399 399 190 5 357 356 399 292 21 399 399 399 399 399 369 399 399 399 399 399 399 399 47
2030 6230 6230 6230 6230 6230 6231 6230 6231 6230 6230 6230 6230 6230 5275 1997 5712 758 1047 6230 6230 6230 441 6231 6230 6231 1436 5367 6231 6231 6231 6230 671 5098 3069 3974 4119 1656 6230 6221 6230 6230 6231 6231 6230 2557 6230 3679 6230 6230 4532
2001 3926 3926 3927 3927 1936 3730 1167 3926 3927 3927 3927 555 3927 3927 3926 2391 332 1287 3177 3927 3926 3926 3926 724 2089 3926 1866 56 3926 3927 886 3926 3926 3926 3927 2604 3926 1342 3926 3926 3926 622 2628 3926 3927 3927 3926 1675 2092 148 2840 301 3926 3926 3927 3926 3926 365 3926 3927 3927 2085 3926 3926 3926 3927 3339 3926 3784 2415 3927 3926 3926 3926 3782 511 1662 3927 3560 2722 706 3927 3926 1530 3927
12101 23966 2234 233 23966 8549 23966 23966 23253 23965 8120 8802 14278 1877 6354 6387 5374 23965 13268 13647 23512 3201 15528 12705 16572 20146 23965 23966 15069 14417 9928 23478 23966 23966
22592 28117 24245 4727 28117 670 28117 2994 20085 25067 11651 28116 22790 1304 28117 8124 28117 28117
9818 12346 11333 9592 12347 7754 2414 7477 6510 5122 12346 2977 12347 12346 12347 12347 225 6966 8368 12347 7955 4030 12347 4001 12347 9067 12347 12347 12346 8062 12346 3949 7799 1769 12347 12347 5054 12347
IMPOSSIBLE
4994 260 195 4993 4994 3719 4993 4993 829 2117 2302 4993 2533 4993 4993 3939 1078 4994 4224 386 2908 730 2777 4003 3193 4994 4905 4994 3280 538 571 4993 4334 878 415 4993 4994 4802 4993 4994 4994 4993 4993 2484 4012 3105 1067 4994 1160 1356 3914 4994 4994 3833 2335 2829 2002 4993 3424 2312 57 4993 1859 4994 1529 4993 3525 1065 4993 4993 4993 900 4994 4993 4993 4993 4994 1447 1120 3538 2912 2426 3085 4994 4994 4351 2203 2426 1678 2712 4993 4994 4993 2254 4993 4994 2305 4993 850
4556 4557 3136 3422 4079 4557 315 3464 4557 96 4557 1969 4557 2404 4557 4557 4557 4557 4557 4557 4557 4557 948 411 1552 1200 596 4557 259 4557 4557 3325 4556 3210 4556 4557 4557 4557 4557 4557 4556 4557 1530 4557 2766 2120 4557 4557 2522 3791 4043 4557 4557 2031 1673 4557 2557 4557 4556 4557 4557 4556 4557 4557 3071 2948 4557 4557 4557 4557 4557 4557 4557 4557 4557 4557
IMPOSSIBLE
10094 10094 10094 9900 10094 6326 10094 10094 7142 10094 1805 9540 4482 10094 10094 10094 10094 10094 8557 10094 10094 10093 10094 10094 10094 6169 10094 125 3380 8153 10094 10094 10094 6020 10094 10094 2100 10094
17388 17388 13824 1113 17388 2499 4159 17388 60 9374 17389 17388 15039 6309 1880 13469 17388 17389 15828 17388 3798 13922 4641 17389 17388 7950 17388 13800 17388 8824
166667 166667 97358
4323 4323 1052 592 4323 4323 4323 4323 3546 4323 4323 4323 4323 4025 4323 908 4323 4323 4323 4322 798 1020 4323 4323 4323 4323 4323 4323 4323 4323 4323 4323 2229 4323 4323 353 4323 4322 4323 306 3401 4323 4323 4323 86 4323 2984 1750 454 4323 4323 4323 4323 2696 4323 3422 2525 2061 4323 2204 4323 3607 1054 4323 222 4323 4322 877 3820 4323 1727 1460 4323 4322 4323 4323 1161 983 4323 4323 4323 1329 1476 2492 4323 1880 4323 4323
13010 13010 13010 13010 11607 13010 5111 13010 5496 12513 2464 7815 2740 13010 1324 12467 13010 13010 13010 13010 12862 13010 1216 13010 13010 3753 13010 13010 5324 10123 2100 13010 12912 8254 2138 8074 13010 3468 13010 8792 3748 12494 11558 41 386 13010 13010
5196 3904 9923 10115 12415 15246 10924 11328 15246 5641 15246 15246 15247 8021 15246 5286 14973 9963 792 728 15246 15246 7271 15246 14603 15246
7940 7940 7940 7940 4329 7939 7940 7940 5983 7721 3952 7940 7940 1166 7940 7940 7940 3902 2763 5038 7940 7940 7939 4075 7940 505 3669 1190 5904 7940 1829 7940 2987 4182 7940 2942 7940 6101 7940 7940 6071 7940 469 7940 7940 606 7940 5943 7940 5575 7939 7940 7940 7939 634 5247 7939 3783 7940 7940 7940 7940
4973 5471 7095 7095 7095 7095 6328 4086 5147 1034 7095 3161 7095 7095 4334 5372 7096 5527 7095 7095 7095 7095 7095 1146 1069 486 3938 7095 7095 2342 7095 7095 7095 5996 2554 7095 7095 3244 3474 7095 4496 7095 7095 7095 2261 3042 7095 7095 129 7095 7095 1387 7095 7095 7095 766 7095
IMPOSSIBLE
12577 12577 12577 12576 12576 12576 12576 7089 12577 7584 8079 6758 11523 12577 159 12576 12577 7592 12577 12576 2368 12576 12576
8527 3629 4869 9778 1060 9778 9778 9778 5876 9778 9778 10 9778 9778 8677 9778 9778 9778 9778 9778 9778 9778 9778 9778 9778 9778 3216 9778 9778 9778 9778
5201 6124 6731 1148 111 3931 5028 1714 6732 5515 6732 3602 6731 2690 6020 6480 595 6731 4722 6731 6731 1996 3142 176 1270 2835 842 6732 1307 3529 3766 775 4898 5453 842 5262 3123 6732 6731 6731 1749 6732 5893 769 2169 4248 4833 6435 4409 6732 3736 1633 1007 2629 6732 6695 361 6731 6732 6731 3995 6701 852 2081 6732 6732 6731 6731 6732 6463 2825 972 1089 5398 3258 6731 6731 6731 2017 6732 1920 6530 4648 873 4012 196 1024 4171 1796 2269 6732 6713 6731 6731 5452 2988 613 6731 2215
13848 44207 44207 7626 15864 37892 43844 7170 5866 44207 44207 44207 44206 44206
13100 6574 4522 6582 13238 1326 6461 13473 7646 8809 15251 15251 15251 15251 8472 15251 8790 7613 14825 15252 14548 8429 14703 15251 15251 956 3897 3616 15251 13898 15252 15252 15251 8661 11182 14504 1211 15252 15251 1059 1741 4930 15251 15251 14176 12473 4326 9563 5163 1124
6996 1632 7762 3516 7762 5783 5654 7762 5063 2519 4848 3358 7761 7043 7762 7762 3096 7762 2289 2188 7525 3205 5186 7762 7569 7762 4082 7762 5590 4055 3454 2389 7458 828 7761 6744 965 3738 7762 2304 3946 4223 7762 619 5500 7664 5248 7762 7762 2958 1261 898 7762 5557 1556 7761 3656 6247 6379 5890 7631 3722 7762 506 5605 210 1304 36 6441 7762 7762 6683 5371 7761 5316 7762 2704 6492 7762 3992 7762 7762 7762 5644 7762 3638 5596 1968 40 7762
IMPOSSIBLE
IMPOSSIBLE
788 4804 5204 2287 2039 5205 4082 4130 5204 5205 109 5205 5205 5205 5204 5204 4620 5205 5205 999 4986 1377 4344 252 3302 5204 5205 5204 5204 5204 380 5204 4720 4592 156 683 5205 2328 5205 5205 1091 5204 5204 4368 5205 5204 5205 3064 1558 5205 5204 1863 5205 4681 5204 5204 5204 5205 4736 5205 5204 5204 5204 4553 5205 1751 5204 3901 141 2187 5204 5204 4722 5205 5205 5205
2899 4565 4565 4566 4565 988 3933 4565 4566 4565 1835 1335 3526 4565 4565 4565 4565 4305 2870 2172 2754 4565 4565 4566 3633 4565 4566 4565 3403 807 4565 2441 4566 4566 2588 4565 4113 4565 4565 4565 4565 4565 2539 4565 4565 2640 4565 435 628 4566 552 3863 1170 4565 4565 4565 4565 4565 2397 4565 4565 4565 4565 2027 4565 2266 893 4565 2394 3007 4565
IMPOSSIBLE
6410 3669 13495 13495 7072 13495 13496 4586 13496 13495 1218 7565 13495 3539 12370 12376 12932 13496 3319 13495 2627 11144 13495 7986 6243 13018 8352 13496 13496 6179 12056 13495 13495 4641 6254 13199 4979 6267 13496
IMPOSSIBLE
7535 14417 14416 4872 11122 3513 11928 14416 14416 11967 14416 11750 14417 14416 14416 2555 8644 14416 13554 14416 14416 8882 10325 14417 14417 8274 8584 14416 9109 14417 14417 10415 11038 14416 14416 4115 14417 2854 14417 14416 2294 14416
4860 3524 1823 4860 4860 4860 2736 4860 4861 3543 4860 4860 4805 4345 4860 4860 4860 2386 4860 4860 3720 4860 4237 4191 4861 4861 1827 4860 4860 4860 4860 3170 3517 4255 1507 4860 4860 4860 3901 3656 4860 4635 4860 4860 4860 4860 4282 4861 4861 4861 4096 4860 1845 3089 908 4860 4860 4860 1167 4860 4860 4860 4127 4860 4860 4860 257 4860 4861 4860 4860 3275 4860 3590 4860 4861 458 4860 4860 173 3361 4861 727 3736 4860
9561 7129 10111 6696 6925 11478 3757 2660 3962 5673 3056 8407 7270 6553 9428 10071 2054 4287 863 11370 1659 1296 10164 8487 10295 7217 11642 5050 9842 10646 7067 7226 11641 11641 4999 3296 11641 5704 4554 2959 6734 2127 1085 9873 7006 11642 9151 7781 6960 6650 3587 11642 4301 11642 1402 4571 11641 11641 7323 1172 11642 11642 11642 11642 11642 5229 8623 6366 8893 10939
IMPOSSIBLE
5894 3125 5894 5894 5894 5894 5894 4373 4961 5894 3170 3785 5894 5894 4466 3906 5894 5894 5894 5338 5895 5894 5894 3424 5894 5894 2231 1261 5894 5894 5894 3778 5894 5894 2130 5894 3398 3064 1587 5894 3178 535 5895 3365 2295 5894 1394 1285 5894 5894 5799 5895 5894 5894 1574 5894 2068 5834 5894 1907 5895 5895 5894 5894 1425 2099 5701 5715 4402 5894 5894 5894 5894 3254 3934 5894 5894 5894 748 3201
IMPOSSIBLE
IMPOSSIBLE
IMPOSSIBLE
IMPOSSIBLE
2597 7263 9164 3731 6606 3097 8553 2813 3297 909 6933 568 2749 5030 2584 8116 2478 9164 1287 3717 7010 9164 6910 9165 7812 5174 4287 3851 6890 1352 5657 8779 3451 6149 6803 6919 9165 7369 2753 3204 6143 5093 9164 2050 3454 7544 6430 2462 2561 436 2630 8776 3272 2048 4516 8877 7783 7637 3293 1405 3502 7689 8263 8600 3904 1224 6663 7831 5653 3010 1158 3494 2833 1013 6978 2970 9094 271 9165 6020 8270 9054 1872 781 6059 359 1485 6924 3635 4037 4023 7136 8242 6020 1857 2493 3187 3883 5785 9164
56251 49415 68353 68352 57768 18915 50297 17812 27230
IMPOSSIBLE
16257 9680 8789 3921 16258 16258 16258 16258 16258 16257 16258 16258 2657 16258 16257 16258 16257
IMPOSSIBLE
49732 49732 49732 49731 49732 49732 49732
3450 8629 5412 5865 3196 4735 6396 8628 6379 5722 639 8628 8628 8629 2307 5242 8629 8629 7754 595 8628 8159 1836 8628 5936 6500 3646 7080 3037 2070 8629 8629 4141 4248 8628 8628 8628 143 8628 8628 5044 8628 5603 4377 8629 8629 5747 8628 8629 16 8629 7499 8629 6991 8629 682 592 7171 7285 7280 5330 7580 8629 7000 8629 5164 8136 4798 6727 8629 7827
IMPOSSIBLE
8109 2606 8109 8108 8109 8109 5312 4547 3925 8108 967 8109 4435 8108 8108 8108 8109 8108 8108 4049 8108 4871 8108 1380 7855 8109 8108 7502 2578 4297 6511 8109 5095 8108 8108 8109 8109 8108 8109 6360 8109
IMPOSSIBLE
IMPOSSIBLE
IMPOSSIBLE
8242 8242 8242 611 8241 8242 6026 8242 8242 8242 8241 4683 8241 1930 2617 8242 997 2954 8242 6422 8241 8242 4512 8242 8242 8241 1011 8242 6961 8242 8242 4065 8242 8242 2348 8242 2156 1234 8242 8242 3631 8242 7989 4530 3467 4989 8242 7941 8242 6116 8242 410 8241 8242 7495 5161 5173 498 8242 358 5322 8242 8242
158 4234 22892 19657 22892 22892 10754 10446 2301 20392 14145 19301 22891 22891 13293 14253 22062 19428 22892 22891 7722 2519 22891 22892 9423 17600 19653 22492 8140 22891 22891 12008 22892 10684
7476 21478 5319 23680 9588 28339 28340 28339 2708 6079 28340 18397 3883 18874 28340 28340 2251 2650 16340 28339
7940 7940 7940 7939 7939 7801 7940 7940 3056 7585 6613 7940 7940 7940 7940 7939 3867 7940 6698 2313 7939 6845 7939 7939 1942 7590 7940 7940 7940 7939 7940 4639 4005 7939 4861 42 7940 7940 7940 7939 6166 3790 7939 7940 7940 7940 1836 7940
11806 5067 11806 1559 11806 11806 6405 11805 11805 11806 11806 240 11806 11805 11806 8753 5856 11806 11806 11806 11806 8387 9032 11806 11806 3623 11806 11806 11805 11806
5045 1071 4690 659 4469 5045 830 5044 5045 1933 2653 1290 3223 5045 5045 282 1831 1043 5045 5044 3781 4019 2023 5045 5045 5045 4608 5045 366 5045 3243 1390 3397 5045 2618 2517 304 5044 3528 5045 5045 3850 5044 1952 2569 2906 1917 3989 5045 2781 5044 5045 3454 5045 5045 5045 5045 3443 5045 668 3538 5045 4034 5045 5045 412 3896 5045 5010 4179 5045 4912 1319 5044 5045 347 5045 5045 5045 5045 3778 1170 3083 5044 4077 4568 5045 5045 5045 2929 5045 1863 2921 5045 1932 2161
10543 10542 10543 10542 3077 4493 10543 2860 6864 10542 10543 10543 10543 10543 10543 10542 10542 10543 3170 3517 10542 10543 2023 9125 10543 10543 10542 10543
IMPOSSIBLE
9659 3326 10463 2712 10520 7392 5869 3601 10520 6493 10520 10521 4128 10520 3423 10521 1033 4968 2222 476 1855 9083 10364 4825 5918 101 5312 1762 4510 1615 1792 3484 9892 3709 3583 9813 5010 5409 10520 9720 10520 3142 3083 3599 6654 4005 4176 9500 10520 4527 10520 2975 993 4133 4857 3868 4939 8243 4408 7323 6540 449 10520 10520 3387 10520 10520
2549 5085 4067 5085 5084 5084 4997 5084 5085 5084 5085 5084 1295 4859 4447 5084 5084 1341 5084 5085 5084 5084 2337 5084 5084 4981 5084 3446 2723 445 5085 743 2552 5085 5085 690 3282 2219 5084 5084 1355 5085 3323 5085 5084 5085 5085 1555 5085 1781 570 2161 5084 243 5085 5085 4597 5084 5084 5085 1160 5085 5085 5085 5084 5084 5084 4495 5085 4615 4413 361 4453 3398 3410 1071 915 5085 5084 5085 5085 5085 5085
IMPOSSIBLE
4820 3856 4819 511 3909 4819 4819 4819 4819 4819 4820 4819 713 4819 4820 4819 4819 4819 1777 4819 4819 979 48 4819 212 4820 4819 4133 3756 3962 4819 4819 4819 3903 4819 4820 4819 3264 213 4819 4819 4520 2687 4820 4820 4820 4820 3513 2515 3769 2316 4819 4820 4819 4571 4820 4819 4819 2393 3332 4330 4819 4819 2520 4819 1318 4819 4819 4819 1388 4819 4021 4819 4819 4819 4819 4327 4819 4819 4819 4819 4819 4819 4819
5132 9752 9983 9983 1550 2484 8167 7601 9983 9983 9983 6971 8715 9983 3774 9983 5796 9153 7149 9862 7330 6390 1612 926 1063 2194 3731 8207 9983 9983 4749 9983 5046 8892 9983 9983 6117 8523 1323 9983 8740 302 4315 9983 9984 27 2193 6786 5072 9983 9983 4213 480 9984 9983 9983 2870 9338 707 7280 1850 8769 5487 6340 3841 2136 5856 5014
4438 12683 12682 12683 10028 1680 12682 12683 12682 3813 9726 12683 12682 1022 12683 12683 12683 9865 10997 12682 12683 12683 12682 1555 12683 7043
541 5605 5605 5606 5605 5606 2549 5605 2320 5605 5605 5605 4567 28 5605 2110 1806 5605 5605 4536 3205 5605 112 5605 5605 4326 2663 5605 2365 4519 4634 5605 5605 477 4538 5605 490 5606 1165 2993 5605 5605 439 1273 5605 5605 1501 5605 5605 4440 1049 5605 5605 5605 4178 5605 5605 5605 5605 5605 5605 5605 5605 2708 5605 5605 5605 1088 5605 5605 2691 1073 5605 4928 1170 5605 5357 2191 2465 1207 5605 5605

