2 2
-5 0
0 0
1 5 0
2 0 5

2 6
0 0
2 0
1 1 1
1 5 5
1 3 10
1 -1 -1
1 -10 -3
2 1 10

3 3
0 0
0 1
0 2
1 1 1
2 1 1
3 1 1

3 3
0 0
0 2
2 0
1 2 3
2 2 2
3 0 3
2 3
0 0
0 10
1 5 15
1 2 15
2 10 10
3 3
0 0
2 0
5 0
1 2 5
2 2 5
3 1 5

3 3
0 0
0 -1
-1 0
1 0 5
2 0 -6
3 5 0

3 3
0 0
-2 10
5 0
1 0 10
2 10 10
3 0 12

1 3
0 0
1 5 10
1 2 10
1 10 10

3 3
-2 2
0 0
2 0
1 10 2
2 0 1
3 -2 4

3 3
-0 -0
-0 -2
-2 -0
1 -2 -3
2 -2 -2
3 -0 -3
2 3
-0 -0
-0 -10
1 -5 -15
1 -2 -15
2 -10 -10
3 3
-0 -0
-2 -0
-5 -0
1 -2 -5
2 -2 -5
3 -1 -5

3 3
-0 -0
-0 1
1 -0
1 -0 -5
2 -0 6
3 -5 -0

3 3
-0 -0
2 -10
-5 -0
1 -0 -10
2 -10 -10
3 -0 -12

1 3
-0 -0
1 -5 -10
1 -2 -10
1 -10 -10

3 3
2 -2
-0 -0
-2 -0
1 -10 -2
2 -0 -1
3 2 -4

3 3
-0 0
-0 2
-2 0
1 -2 3
2 -2 2
3 -0 3
2 3
-0 0
-0 10
1 -5 15
1 -2 15
2 -10 10
3 3
-0 0
-2 0
-5 0
1 -2 5
2 -2 5
3 -1 5

3 3
-0 0
-0 -1
1 0
1 -0 5
2 -0 -6
3 -5 0

3 3
-0 0
2 10
-5 0
1 -0 10
2 -10 10
3 -0 12

1 3
-0 0
1 -5 10
1 -2 10
1 -10 10

3 3
2 2
-0 0
-2 0
1 -10 2
2 -0 1
3 2 4